'113',1019,223000,0,'Québec',0
'127',1019,93000,0,'Québec',0,20000,0,'Québec',0,10000,0,'Québec',0,30000,0,'Québec',0,10000,0,'Québec',0,10000,0,'Québec',0,10000,0,'Québec',0,10000,0,'Québec',0
'127',1029,101500,4,'',0,20000,4,'',0,20000,4,'',0,10000,4,'',0,30000,4,'',0,10000,4,'',0,40000,4,'',0,13000,4,'',0
'14',1029,211500,4,'',0
'33',1019,133000,0,'Québec',0
'33',1029,210500,4,'',0,1000,4,'',0
'34',1019,63000,0,'Québec',0
'80',1029,211500,4,'',0
'93',1019,63000,0,'Québec',0
'94',1019,133000,0,'Québec',0
'127',3019,124000,4,'',0,79500,4,'',0
'127',3029,94500,0,'Québec',0,45500,0,'Québec',0
'127',6019,73000,0,'Québec',0,30000,0,'Québec',0,50100,0,'Québec',0
'127',6029,131500,4,'',0,32500,4,'',0,47400,4,'',0
