109,172,1,0
109,207,2,0
109,203,3,0
109,169,5,0
109,170,6,0
109,178,7,0
109,171,8,1
209,224,1,0
209,172,2,1
309,225,1,0
309,266,2,0
309,263,3,0
309,298,4,0
309,256,5,0
309,255,6,0
309,250,7,0
309,203,8,0
309,207,9,1
409,225,1,0
409,227,2,0
409,231,3,0
409,316,4,0
409,317,5,0
409,238,6,0
409,239,7,0
409,242,8,0
409,244,9,0
409,323,10,0
409,246,11,0
409,247,12,0
409,325,13,0
409,249,14,1
509,225,1,0
509,227,2,0
509,272,3,0
509,277,4,0
509,278,5,0
509,281,6,0
509,284,7,0
509,289,8,0
509,249,9,1
609,172,1,0
609,208,2,0
609,207,3,0
609,203,4,0
609,191,7,0
609,204,8,1
5309,172,1,0
5309,224,2,0
5309,5001,3,0
5309,5002,4,0
5309,5005,5,0
5309,5010,6,0
5309,5004,7,1
