'127',1019,124500,4,'',0,18500,4,'',0,11500,4,'',0,8500,4,'',0,20000,4,'',0,17100,4,'',0,4400,4,'',0,8500,4,'',0,11500,4,'',0
'127',1029,70000,0,'Montréal',0,20000,0,'Montréal',0,20000,0,'Montréal',0,10000,0,'Montréal',0,30000,0,'Montréal',0,10000,0,'Montréal',0,40000,0,'Montréal',0,13000,0,'Montréal',0
'33',1029,170000,0,'Montréal',0,10000,0,'Montréal',0
'34',1019,104500,4,'',0
'93',1019,93000,4,'',0
'94',1029,180000,0,'Montréal',0
'127',2019,130000,0,'Montréal',0,30000,0,'Montréal',0,24500,0,'Montréal',0
'127',2029,143000,4,'',0,30100,4,'',0,36900,4,'',0
'93',2019,94500,0,'Montréal',0
'93',2029,113000,4,'',0
'127',6019,112500,4,'',0,29000,4,'',0,50500,4,'',0
'127',6029,93000,0,'Montréal',0,37000,0,'Montréal',0,43000,0,'Montréal',0
'127',53019,70000,0,'Montréal',0,20000,0,'Montréal',0,40000,0,'Montréal',0,20000,0,'Montréal',0,20000,0,'Montréal',0,30000,0,'Montréal',0
'127',53029,131000,4,'',0,29100,4,'',0,13000,4,'',0,17900,4,'',0,14500,4,'',0
'34',53029,101000,4,'',0
'93',53029,101000,4,'',0
