1,1019,'127',1,2,3,4,5,6,7,8,9,10,11
1,1019,'33',12
1,1019,'94',13
1,1029,'127',14,15,16,17,18,19,20,21,22,23,24,25
1,1029,'62',26
1,1029,'65',27
2,2019,'127',28,29,30,31,32,33
2,2029,'127',34,35,36,37,38
3,3019,'127',39,40,41
3,3029,'127',42,43,44
4,4019,'127',45
4,4029,'127',46
5,5019,'127',47
5,5029,'127',48
6,6019,'127',49,50
6,6019,'33',51
6,6019,'62',52
6,6019,'65',53
6,6019,'94',54
6,6029,'127',55,56,57
6,6029,'33',58
6,6029,'94',59
53,53019,'127',60,61,62,63,64,65
53,53029,'127',66,67,68,69,70,71
