1019,203,1,0
1019,207,2,0
1019,169,3,0
1019,170,4,0
1019,178,5,0
1019,171,6,1
1019,172,7,1
1029,172,1,0
1029,171,2,0
1029,178,3,0
1029,170,4,0
1029,169,5,1
1029,207,6,1
1029,203,7,1
2019,172,1,0
2019,224,2,1
2029,224,1,0
2029,172,2,1
3019,225,1,0
3019,266,2,0
3019,263,3,0
3019,298,4,0
3019,256,5,0
3019,255,6,0
3019,250,7,0
3019,207,8,1
3019,203,9,1
3029,203,1,0
3029,207,2,0
3029,250,3,0
3029,255,4,0
3029,256,5,0
3029,298,6,0
3029,263,7,0
3029,266,8,0
3029,225,9,1
4019,225,1,0
4019,227,2,0
4019,231,3,0
4019,316,4,0
4019,317,5,0
4019,238,6,0
4019,239,7,0
4019,242,8,0
4019,244,9,0
4019,323,10,0
4019,246,11,0
4019,247,12,0
4019,325,13,0
4019,249,14,1
4029,249,1,0
4029,325,2,0
4029,247,3,0
4029,246,4,0
4029,323,5,0
4029,244,6,0
4029,242,7,0
4029,239,8,0
4029,238,9,0
4029,317,10,0
4029,316,11,0
4029,231,12,0
4029,227,13,0
4029,225,14,1
5019,225,1,0
5019,227,2,0
5019,272,3,0
5019,277,4,0
5019,278,5,0
5019,281,6,0
5019,284,7,0
5019,289,8,0
5019,249,9,1
5029,249,1,0
5029,289,2,0
5029,284,3,0
5029,281,4,0
5029,278,5,0
5029,277,6,0
5029,272,7,0
5029,227,8,1
5029,225,9,1
6019,203,1,0
6019,207,2,0
6019,208,3,0
6019,198,4,0
6019,191,5,1
6019,204,6,1
6019,197,7,1
6019,172,8,1
6029,172,1,0
6029,197,2,0
6029,204,3,0
6029,191,4,0
6029,198,5,0
6029,208,6,0
6029,207,7,1
6029,203,8,1
53019,172,1,0
53019,224,2,0
53019,5001,3,0
53019,5002,4,1
53019,5005,5,1
53019,5010,6,1
53019,5004,7,1
53029,5004,1,0
53029,5010,2,0
53029,5005,3,0
53029,5002,4,0
53029,5001,5,0
53029,224,6,1
53029,172,7,1
54019,224,1,0
54019,5018,2,1
54019,5017,3,1
54029,5017,1,0
54029,5018,2,0
54029,224,3,1
58019,5022,1,0
58019,5021,2,0
58019,5020,3,0
58019,5002,4,1
58029,5002,1,0
58029,5020,2,0
58029,5021,3,0
58029,5022,4,1
59019,5024,1,0
59019,5030,2,0
59019,5020,3,0
59019,5002,4,1
59029,5002,1,0
59029,5020,2,0
59029,5030,3,0
59029,5024,4,1
