1019,'127',700,,6,185,,,0,100,,7,188,,,0,200,,8,195,,,0,200,,9,198,,,0,100,,1,30,,,0,300,,2,80,,,0,100,,5,156,,,0,100,,3,91,,,0,100,,4,119,,,0,130,,10,317,,,0,200,,11,321,,,0
1019,'33',1400,,12,182,,,0
1019,'94',1400,,13,179,,,0
1029,'127',950,,14,84,4,,0,100,,16,203,4,,0,85,,25,290,4,,0,215,,15,88,4,,0,100,,17,210,4,,0,300,,18,214,4,,0,85,,19,217,4,,0,200,,21,227,4,,0,100,,20,224,4,,0,15,,22,231,4,,0,85,,23,234,4,,0,200,,24,237,4,,0
1029,'62',1235,,26,206,4,,0
1029,'65',1235,,27,334,4,,0
3019,'127',1145,,40,391,4,,0,395,,41,397,4,,0,475,,39,327,4,,0
3029,'127',1015,,42,312,,,0,400,,43,367,,,0,400,,44,376,,,0
6019,'127',1100,,49,54,,,0,530,,50,297,,,0
6019,'33',1330,,51,359,,,0
6019,'62',545,,52,293,,,0
6019,'65',545,,53,330,,,0
6019,'94',1330,,54,352,,,0
6029,'127',925,,56,304,4,,0,690,,55,59,4,,0,415,,57,309,4,,0
6029,'33',1335,,58,349,4,,0
6029,'94',1300,,59,341,4,,0
