1019,'127',930,,6,186,4,,0,275,,7,193,4,,0,25,,8,196,4,,0,215,,9,200,4,,0,100,,1,32,4,,0,285,,2,81,4,,0,171,,5,158,4,,0,44,,3,93,4,,0,85,,4,120,4,,0,185,,10,319,4,,0,200,,11,323,4,,0
1019,'33',1635,,12,183,4,,0
1019,'94',1630,,13,180,4,,0
1029,'127',700,,14,82,,,0,100,,16,201,,,0,100,,25,289,,,0,200,,15,86,,,0,100,,17,208,,,0,300,,18,212,,,0,100,,19,216,,,0,130,,20,219,,,0,70,,21,226,,,0,100,,22,229,,,0,100,,23,233,,,0,200,,24,236,,,0
1029,'62',1000,,26,205,,,0
1029,'65',1000,,27,333,,,0
2019,'127',130,,32,243,,,0,815,,30,239,,,0,300,,31,241,,,0,355,,28,102,,,0,45,,33,411,,,0,200,,29,176,,,0
2029,'127',1130,,36,246,4,,0,300,,34,34,4,,0,301,,35,101,4,,0,99,,38,414,4,,0,300,,37,248,4,,0
6019,'127',1415,,49,56,4,,0,535,,50,300,4,,0
6019,'33',1735,,51,365,4,,0
6019,'62',900,,52,295,4,,0
6019,'65',900,,53,332,4,,0
6019,'94',1710,,54,357,4,,0
6029,'127',600,,56,301,,,0,700,,55,57,,,0,400,,57,306,,,0
6029,'33',930,,58,343,,,0
6029,'94',930,,59,336,,,0
53019,'127',700,,60,94,,,0,230,,63,249,,,0,370,,62,127,,,0,200,,65,405,,,0,200,,64,255,,,0,300,,61,121,,,0
53029,'127',940,,66,264,4,,0,300,,67,270,4,,0,200,,71,404,4,,0,261,,68,276,4,,0,244,,69,283,4,,0,190,,70,288,4,,0
