1019,'127',630,,6,184,,,0,100,,7,187,,,0,200,,8,194,,,0,200,,9,197,,,0,100,,1,29,,,0,300,,2,79,,,0,100,,5,155,,,0,100,,3,90,,,0,100,,4,118,,,0,170,,10,312,,,0,200,,11,316,,,0
1019,'33',1330,,12,181,,,0
1019,'94',1330,,13,178,,,0
1029,'127',1015,,14,85,4,,0,100,,16,204,4,,0,85,,25,291,4,,0,215,,15,89,4,,0,100,,17,211,4,,0,300,,18,215,4,,0,85,,19,218,4,,0,200,,21,228,4,,0,100,,20,225,4,,0,15,,22,232,4,,0,85,,23,235,4,,0,200,,24,238,4,,0
1029,'62',1300,,26,207,4,,0
1029,'65',1300,,27,327,4,,0
3019,'127',1210,,40,384,4,,0,395,,41,390,4,,0,435,,39,324,4,,0
3029,'127',945,,42,307,,,0,400,,43,358,,,0,400,,44,367,,,0
6019,'127',500,,96,593,,,0,530,,49,53,,,0,570,,50,292,,,0
6019,'33',1300,,51,350,,,0
6019,'94',1300,,54,343,,,0
6029,'127',950,,56,301,4,,0,690,,55,60,4,,0,415,,57,306,4,,0
6029,'33',1400,,58,342,4,,0
6029,'94',1325,,59,334,4,,0
