100,203,1,0
100,207,2,0
100,170,3,0
100,171,4,0
100,1094,5,0
100,172,6,1
101,172,1,0
101,171,2,0
101,170,3,0
101,207,4,0
101,203,5,0
101,1094,6,1
200,224,1,0
200,172,2,1
201,172,1,0
201,224,2,1
300,225,1,0
300,266,2,0
300,263,3,0
300,250,4,0
300,171,5,0
300,172,6,1
301,172,1,0
301,171,2,0
301,250,3,0
301,203,4,0
301,207,5,0
301,255,6,0
301,256,7,0
301,298,8,0
301,263,9,0
301,266,10,0
301,225,11,1
400,247,1,0
400,246,2,0
400,244,3,0
400,238,4,0
400,317,5,0
400,316,6,0
400,231,7,0
400,227,8,0
400,225,9,1
401,225,1,0
401,227,2,0
401,231,3,0
401,316,4,0
401,317,5,0
401,238,6,0
401,244,7,0
401,246,8,0
401,247,9,1
500,249,1,0
500,289,2,0
500,284,3,0
500,281,4,0
500,278,5,0
500,272,6,0
500,227,7,0
500,225,8,1
501,225,1,0
501,227,2,0
501,272,3,0
501,278,4,0
501,281,5,0
501,284,6,0
501,289,7,0
501,249,8,1
600,203,1,0
600,207,2,0
600,208,3,0
600,198,4,0
600,191,5,0
600,204,6,0
600,197,7,0
600,346,8,0
600,172,9,1
601,172,1,0
601,197,2,0
601,204,3,0
601,191,4,0
601,198,5,0
601,208,6,0
601,207,7,0
601,203,8,1
700,169,1,0
700,170,2,0
700,178,3,0
700,171,4,0
700,172,5,1
701,172,1,0
701,171,2,0
701,178,3,0
701,170,4,0
701,169,5,1
